chr	pos	p_ltr	b_hab	se_hab	na	n0	n1	af	m.p_lrt.95	m.p_lrt.05	m.b_hab.95	m.b_hab.05	m.se_hab.95	m.se_hab.05	pos.id	p_rank	p_random_r	p_rnpv	p_rand_rnpv	SNP_id	NAS	fst	p_ltr.cor
JAWNLB010000013.1	1500334	0.00314533961623427	-1.35823459047873	907.227183502074	0	1	1	1.83333333333333	0.898899574395625	0.0731011805742655	0.000102307090639393	-0.00548810058236026	0.00835172326566086	0.00533635376958016	319	9	1517	0.000566964848179413	0.0955650749653521	JAWNLB010000013.1_1500334	1	0.32946758039009	0.694976837047918
JAWNLB010000013.1	3000650	0.00615819777949667	1.23129753105992	775.191955836833	0	1	0	1.88888888888889	0.348116679135629	0.0610175144338172	0.0218724970977219	0.00098731663858949	0.0278631518123238	0.00543390289631116	503	89	1075	0.00560665238755197	0.0677208013103188	JAWNLB010000013.1_3000650	1	0.231820008035356	0.694976837047918
JAWNLB010000020.1	2102181	0.00920489422545648	-0.0784792192991415	0.0732250941979965	0	1	1	1.83333333333333	0.9835357877092	0.0846385658247471	0.00957564777440554	0.00112716242097664	0.0110763405302383	0.00488709914096948	772	167	2350	0.0105203477384402	0.148040821469069	JAWNLB010000020.1_2102181	0	0.165977783518471	0.939941613251599
JAWNLB010000100.1	1050852	0.00584356299506991	-1.35833999110463	912.690384456359	0	1	0	1.88888888888889	0.340848515669629	0.078047803194033	0.013854190614426	-0.000808012285012847	0.018052080396416	0.00565668682598862	3817	26	1721	0.00163789845029608	0.108416278190752	JAWNLB010000100.1_1050852	0	0.299363057324841	0.694976837047918
JAWNLB010000144.1	8850630	0.00584356299506991	-1.35833999110463	912.690384456359	0	1	0	1.88888888888889	0.342676322789462	0.109261687419177	0.0116228971552472	-0.000306985097348634	0.0188161633347887	0.00553506882577821	8150	47	5485	0.00296081642938138	0.345533576918231	JAWNLB010000144.1_8850630	0	0.214285714285714	0.694976837047918
JAWNLB010000147.1	3150678	0.00584356299506991	-1.35833999110463	912.690384456359	0	1	0	1.88888888888889	0.33610516946822	0.101014333202252	0.00888138263435801	-0.000674701455792985	0.0138335039237054	0.0054953674427834	10380	51	5175	0.00321280080635001	0.326004787703162	JAWNLB010000147.1_3150678	1	0.168241965973535	0.694976837047918
JAWNLB010000159.1	152389	0.00615819777949667	1.23129753105992	775.191955836833	0	1	0	1.88888888888889	0.359563311680009	0.0798876306116362	0.0212477195364581	0.000222444094436728	0.0288947408200644	0.00550741643607548	11109	110	1808	0.00692957036663727	0.11389693838982	JAWNLB010000159.1_152389	1	0.375886524822695	0.694976837047918
JAWNLB010000174.1	1350828	0.00615819777949667	1.23129753105992	775.191955836833	0	1	0	1.88888888888889	0.358914859656738	0.0892471438717606	0.0176372051336611	0.000580717409149861	0.0258088914663785	0.00553253187128759	13278	117	2820	0.00737054302633237	0.177648985762883	JAWNLB010000174.1_1350828	0	0.125827814569536	0.694976837047918
JAWNLB010000174.1	9001461	0.00615819777949667	1.23129753105992	775.191955836833	0	1	0	1.88888888888889	0.352691926051713	0.10053518520337	0.0143142199640342	0.000281121590795794	0.0201585234409384	0.00536838793164054	14192	123	5148	0.00774851959178531	0.324303893158624	JAWNLB010000174.1_9001461	0	0.125827814569536	0.694976837047918
JAWNLB010000174.1	9150617	0.00615819777949667	1.23129753105992	775.191955836833	0	1	0	1.88888888888889	0.360139647606448	0.0762172564186735	0.0126205993988696	-3.20455914959629e-05	0.0147669683324512	0.00570434262886593	14209	126	1634	0.00793750787451178	0.102935617991685	JAWNLB010000174.1_9150617	1	0.168241965973535	0.694976837047918
JAWNLB010000174.1	12151652	0.00584356299506991	-1.35833999110463	912.690384456359	0	1	0	1.88888888888889	0.341615684698531	0.0577174701440158	0.0160374204173027	-0.000885390468613694	0.0199775268647629	0.00562000481617624	14572	62	980	0.00390575784301373	0.0617361723573138	JAWNLB010000174.1_12151652	0	0.125827814569536	0.694976837047918
JAWNLB010000174.1	13350199	0.00584356299506991	-1.35833999110463	912.690384456359	0	1	0	1.88888888888889	0.342199793823119	0.0981058860514082	0.0150422455092984	9.59962434224096e-05	0.0196776060073938	0.00551482331509951	14706	66	4060	0.00415774221998236	0.255764142623157	JAWNLB010000174.1_13350199	0	0.125827814569536	0.694976837047918
JAWNLB010000174.1	13800569	0.00584356299506991	-1.35833999110463	912.690384456359	0	1	0	1.88888888888889	0.341355260831784	0.109182975195667	0.0109729341834394	-0.000356708448164884	0.0122146508232049	0.00539954236203993	14776	67	5484	0.00422073831422452	0.345470580823989	JAWNLB010000174.1_13800569	0	0.125827814569536	0.694976837047918
JAWNLB010000174.1	14851257	0.000458620015606169	0.416165244432568	610.573405525267	0	2	0	1.77777777777778	0.881627854205157	0.0342653245072013	0.0114842030582453	0.00106986377624789	0.00971400983351577	0.00436627545060334	14890	2	500	0.000125992188484314	0.0314980471210785	JAWNLB010000174.1_14851257	0	0.187870797626895	0.694976837047918
JAWNLB010000174.1	15601419	0.00584356299506991	-1.35833999110463	912.690384456359	0	1	0	1.88888888888889	0.341481096700382	0.077980811417183	0.0155001981087971	-0.00123041343205245	0.0182114234450596	0.00559530778573154	14991	68	1715	0.00428373440846668	0.108038301625299	JAWNLB010000174.1_15601419	1	0.128134730639167	0.694976837047918
JAWNLB010000174.1	17400322	0.00615819777949667	1.23129753105992	775.191955836833	0	1	0	1.88888888888889	0.364177275600223	0.0695400637111489	0.0126376701215593	0.000794963789778292	0.0159799461493251	0.00562653481086813	15194	149	1355	0.00938641804208139	0.0853597076981227	JAWNLB010000174.1_17400322	1	0.172413793103448	0.694976837047918
JAWNLB010000174.1	20101539	0.00615819777949667	1.23129753105992	775.191955836833	0	1	0	1.88888888888889	0.358710715443325	0.0634776592510671	0.0254466618078441	0.000603751324969556	0.0306420586795102	0.00554832867237353	15529	155	1136	0.00976439460753433	0.0715635630590903	JAWNLB010000174.1_20101539	0	0.125827814569536	0.694976837047918
